5.166933326451967901e+00
3.653573593072951819e+00
2.983130346911892161e+00
2.583466663225983950e+00
2.310722830631142699e+00
2.109391697464777060e+00
1.952917231806231557e+00
1.826786796536475910e+00
1.722311108817322634e+00
1.633927782981855037e+00
1.557889014602189537e+00
1.491565173455946081e+00
1.433049465032791181e+00
1.380921017706247200e+00
1.334096448287504177e+00
1.291733331612991975e+00
1.253165403852087190e+00
1.217857864357650532e+00
1.185375800948241132e+00
1.155361415315571350e+00
1.127517289488386476e+00
1.101593886561236690e+00
1.077380075037104312e+00
1.054695848732388530e+00
1.033386665290393580e+00
1.013318994500440828e+00
9.943767823039640907e-01
9.764586159031157786e-01
9.594754313937776669e-01
9.433486453409823946e-01
9.280086206496144241e-01
9.133933982682379549e-01
8.994476419481350904e-01
8.861217550121892605e-01
8.733711369498895483e-01
8.611555544086613168e-01
8.494386063430046097e-01
8.381872671049365175e-01
8.273714943987312553e-01
8.169638914909275185e-01
8.069394150196129711e-01
7.972751213023137051e-01
7.879499452878144794e-01
7.789445073010947684e-01
7.702409435437141960e-01
7.618227569740079197e-01
7.536746857331043659e-01
7.457825867279730403e-01
7.381333323502811128e-01
7.307147186145903639e-01
7.235153832531286966e-01
7.165247325163955905e-01
7.097328756067180500e-01
7.031305658215922794e-01
6.967091476101316960e-01
6.904605088531236001e-01
6.843770377683352502e-01
6.784515839204282583e-01
6.726774228813073853e-01
6.670482241437520887e-01
6.615580219402094064e-01
6.562011886609167011e-01
6.509724106020771117e-01
6.458666658064959876e-01
6.408792037866057889e-01
6.360055269437761005e-01
6.312413735187127894e-01
6.265827019260435948e-01
6.220256763422113977e-01
6.175666534298718258e-01
6.132021700943749432e-01
6.089289321788252662e-01
6.047438040138573001e-01
6.006437987467888595e-01
5.966260693823783878e-01
5.926879004741205659e-01
5.888267004109809521e-01
5.850399942497904737e-01
5.813254170482562433e-01
5.776807076577856748e-01
5.741037029391075075e-01
5.705923323670740732e-01
5.671446129940693748e-01
5.637586447441932380e-01
5.604326060128487219e-01
5.571647495485827495e-01
5.539533985960298779e-01
5.507969432806183452e-01
5.476938372173295599e-01
5.446425943272850123e-01
5.416417858472739599e-01
5.386900375185521561e-01
5.357860269423481148e-01
5.329284810905181580e-01
5.301161739607053169e-01
5.273479243661942650e-01
5.246225938514099685e-01
5.219390847247074028e-01
5.192963382007298456e-01
5.166933326451967901e-01
5.141290819155118763e-01
5.116026337910710708e-01
5.091130684875947443e-01
5.066594972502204142e-01
5.042410610204682841e-01
5.018569291725387682e-01
4.995062983147207092e-01
4.971883911519820454e-01
4.949024554060855174e-01
4.926477627898234735e-01
4.904236080321942581e-01
4.882293079515578893e-01
4.860642005740044014e-01
4.839276442943518108e-01
4.818190170773579140e-01
4.797377156968888334e-01
4.776831550109304492e-01
4.756547672704632967e-01
4.736520014603495254e-01
4.716743226704911973e-01
4.697212114956334506e-01
4.677921634622808633e-01
4.658866884812926656e-01
4.640043103248072121e-01
4.621445661262285065e-01
4.603070059020823446e-01
4.584911920946208030e-01
4.566966991341189774e-01
4.549231130198705397e-01
4.531700309189443110e-01
4.514370607818195547e-01
4.497238209740675452e-01
4.480299399232925417e-01
4.463550557805921470e-01
4.446988160958347258e-01
4.430608775060946303e-01
4.414409054366175700e-01
4.398385738137262635e-01
4.382535647891066533e-01
4.366855684749447741e-01
4.351342826894143978e-01
4.335994127120392783e-01
4.320806710484817459e-01
4.305777772043306584e-01
4.290904574674845873e-01
4.276184446987469912e-01
4.261614781302703325e-01
4.247193031715023048e-01
4.232916712223079858e-01
4.218783394929553898e-01
4.204790708306687108e-01
4.190936335524682588e-01
4.177218012840290262e-01
4.163633528043042542e-01
4.150180718956705817e-01
4.136857471993656277e-01
4.123661720759978500e-01
4.110591444709198461e-01
4.097644667842658128e-01
4.084819457454637592e-01
4.072113922920407858e-01
4.059526214525501775e-01
4.047054522334541660e-01
4.034697075098064856e-01
4.022452139195842880e-01
4.010318017615265851e-01
3.998293048963422192e-01
3.986375606511568526e-01
3.974564097270744667e-01
3.962856961097340203e-01
3.951252669827470254e-01
3.939749726439072397e-01
3.928346664240678354e-01
3.917042046085872364e-01
3.905834463612463114e-01
3.894722536505473842e-01
3.883704911783065761e-01
3.872780263104548260e-01
3.861947290099695396e-01
3.851204717718570980e-01
3.840551295601146720e-01
3.829985797465991770e-01
3.819507020517362572e-01
3.809113784870039598e-01
3.798804932991284300e-01
3.788579329159326159e-01
3.778435858937789771e-01
3.768373428665521829e-01
3.758390964961288438e-01
3.748487414242822613e-01
3.738661742259741794e-01
3.728912933639865201e-01
3.719239991448472504e-01
3.709641936760079139e-01
3.700117808242299189e-01
3.690666661751405564e-01
3.681287569939196147e-01
3.671979621870788968e-01
3.662741922653000581e-01
3.653573593072951819e-01
3.644473769246578954e-01
3.635441602276724415e-01
3.626476257920501212e-01
3.617576916265643483e-01
3.608742771415538453e-01
3.599973031182694405e-01
3.591266916790347707e-01
3.582623662581977952e-01
3.574042515738476977e-01
3.565522736002728066e-01
3.557063595411381618e-01
3.548664378033590250e-01
3.540324379716500158e-01
3.532042907837295576e-01
3.523819281061586484e-01
3.515652829107961397e-01
3.507542892518513700e-01
3.499488822435160018e-01
3.491489980381587976e-01
3.483545738050658480e-01
3.475655477097105983e-01
3.467818588935379087e-01
3.460034474542474925e-01
3.452302544265618001e-01
3.444622217634645267e-01
3.436992923178966985e-01
3.429414098248959042e-01
3.421885188841676251e-01
3.414405649430751200e-01
3.406974942800367057e-01
3.399592539883189435e-01
3.392257919602141292e-01
3.384970568715917061e-01
3.377729981668136650e-01
3.370535660440024395e-01
3.363387114406536926e-01
3.356283860195822255e-01
3.349225421551936810e-01
3.342211329200722170e-01
3.335241120718760444e-01
3.328314340405322813e-01
3.321430539157229078e-01
3.314589274346546599e-01
3.307790109701047032e-01
3.301032615187346475e-01
3.294316366896666293e-01
3.287640946933137465e-01
3.281005943304583505e-01
3.274410949815720895e-01
3.267855565963709852e-01
3.261339396835996607e-01
3.254862053010385559e-01
3.248423150457291908e-01
3.242022310444103717e-01
3.235659159441616750e-01
3.229333329032479938e-01
3.223044455821597043e-01
3.216792181348446245e-01
3.210576152001261563e-01
3.204396018933028945e-01
3.198251437979258704e-01
3.192142069577482144e-01
3.186067578688434043e-01
3.180027634718880503e-01
3.174021911446047728e-01
3.168050086943616783e-01
3.162111843509243236e-01
3.156206867593563947e-01
3.150334849730661579e-01
3.144495484469941315e-01
3.138688470309395906e-01
3.132913509630217974e-01
3.127170308632732376e-01
3.121458577273617530e-01
3.115778029204379629e-01
3.110128381711056988e-01
3.104509355655121761e-01
3.098920675415552384e-01
3.093362068832048450e-01
3.087833267149359129e-01
3.082334004962710705e-01
3.076864020164290503e-01
3.071423053890774413e-01
3.066010850471874716e-01
3.060627157379877117e-01
3.055271725180153664e-01
3.049944307482621020e-01
3.044644660894126331e-01
3.039372544971745693e-01
3.034127722176961917e-01
3.028909957830712152e-01
3.023719020069286501e-01
3.018554679801047635e-01
3.013416710663966991e-01
3.008304888983951431e-01
3.003218993733944298e-01
2.998158806493783635e-01
2.993124111410805366e-01
2.988114695161169232e-01
2.983130346911891939e-01
2.978170858283581968e-01
2.973236023313844956e-01
2.968325638421359103e-01
2.963439502370602829e-01
2.958577416237211377e-01
2.953739183373964017e-01
2.948924609377379658e-01
2.944133502054904761e-01
2.939365671392692447e-01
2.934620929523947819e-01
2.929899090697838937e-01
2.925199971248952369e-01
2.920523389567284966e-01
2.915869166068768004e-01
2.911237123166298679e-01
2.906627085241281216e-01
2.902038878615661455e-01
2.897472331524441613e-01
2.892927274088676892e-01
2.888403538288928374e-01
2.883900957939175003e-01
2.879419368661174650e-01
2.874958607859254833e-01
2.870518514695537537e-01
2.866098930065582584e-01
2.861699696574438456e-01
2.857320658513102241e-01
2.852961661835370366e-01
2.848622554135077367e-01
2.844303184623714897e-01
2.840003404108423224e-01
2.835723064970346874e-01
2.831462021143348884e-01
2.827220128093072549e-01
2.822997242796354556e-01
2.818793223720966190e-01
2.814607930805692604e-01
2.810441225440732382e-01
2.806292970448417412e-01
2.802163030064243610e-01
