1.311652540924199002e+03
9.274784062480666762e+02
7.572829475858429760e+02
6.558262704620995009e+02
5.865888488733668282e+02
5.354799075148864631e+02
4.957580614016287655e+02
4.637392031240333381e+02
4.372175136413997052e+02
4.147809528067685392e+02
3.954781212328953757e+02
3.786414737929214880e+02
3.637869609149868211e+02
3.505538870449884712e+02
3.386672298006710093e+02
3.279131352310497505e+02
3.181224688435449366e+02
3.091594687493555966e+02
3.009137302593122172e+02
2.932944244366834141e+02
2.862260502031573992e+02
2.796452613346958742e+02
2.734984610172826365e+02
2.677399537574432316e+02
2.623305081848398572e+02
2.572362269702326785e+02
2.524276491952809920e+02
2.478790307008143827e+02
2.435677621577085290e+02
2.394738947577172894e+02
2.355797507668775097e+02
2.318696015620166690e+02
2.283293997524196186e+02
2.249465549670768212e+02
2.217097451375113337e+02
2.186087568206998526e+02
2.156343494244370333e+02
2.127781392184992626e+02
2.100324998119434952e+02
2.073904764033842696e+02
2.048457116068810251e+02
2.023923810508937606e+02
2.000251372640686043e+02
1.977390606164476878e+02
1.955296162911222666e+02
1.933926164294051944e+02
1.913241867301000809e+02
1.893207368964607440e+02
1.873789344177427267e+02
1.854956812496133409e+02
1.836680930220890104e+02
1.818934804574934105e+02
1.801693327260788919e+02
1.784933025049621449e+02
1.768631925381314147e+02
1.752769435224942356e+02
1.737326231680683293e+02
1.722284163001478419e+02
1.707626158881519984e+02
1.693336149003355047e+02
1.679398988959896144e+02
1.665800392774958425e+02
1.652526871338762646e+02
1.639565676155248752e+02
1.626904747867939136e+02
1.614532669091899209e+02
1.602438621132453136e+02
1.590612344217724683e+02
1.579044100912765032e+02
1.567724642418754399e+02
1.556645177492202095e+02
1.545797343746777983e+02
1.535173181124878568e+02
1.524765107347689366e+02
1.514565895171685952e+02
1.504568651296561086e+02
1.494766796784705889e+02
1.485154048865875041e+02
1.475724404012692901e+02
1.466472122183417071e+02
1.457391712137998923e+02
1.448477917742094405e+02
1.439725705181417368e+02
1.431130251015786996e+02
1.422686931008450983e+02
1.414391309671928809e+02
1.406239130476677701e+02
1.398226306673479371e+02
1.390348912684606262e+02
1.382603176022561797e+02
1.374985469698613372e+02
1.367492305086413182e+02
1.360120325208816610e+02
1.352866298418550457e+02
1.345727112445714795e+02
1.338699768787216158e+02
1.331781377415152861e+02
1.324969151782952395e+02
1.318260404109651347e+02
1.311652540924199286e+02
1.305143058853007858e+02
1.298729540635207513e+02
1.292409651351202058e+02
1.286181134851163392e+02
1.280041810371054680e+02
1.273989569324657509e+02
1.268022372260883799e+02
1.262138245976404960e+02
1.256335280774309950e+02
1.250611627860147053e+02
1.244965496867285566e+02
1.239395153504071914e+02
1.233898917315764407e+02
1.228475159554682108e+02
1.223122301152440627e+02
1.217838810788542645e+02
1.212623203049955976e+02
1.207474036676659495e+02
1.202389912888447725e+02
1.197369473788586447e+02
1.192411400840180988e+02
1.187514413411374363e+02
1.182677267385731881e+02
1.177898753834387549e+02
1.173177697746733656e+02
1.168512956816628332e+02
1.163903420281273640e+02
1.159348007810083345e+02
1.154845668441018489e+02
1.150395379562010163e+02
1.145996145935230857e+02
1.141646998762098093e+02
1.137346994787016854e+02
1.133095215437978425e+02
1.128890766002236745e+02
1.124732774835384106e+02
1.120620392602236706e+02
1.116552791548031252e+02
1.112529164798510806e+02
1.108548725687556669e+02
1.104610707111095138e+02
1.100714360906072926e+02
1.096858957253360103e+02
1.093043784103499263e+02
1.089268146624274181e+02
1.085531366669125646e+02
1.081832782265489925e+02
1.078171747122185167e+02
1.074547630155010864e+02
1.070959815029772813e+02
1.067407699721979100e+02
1.063890696092496313e+02
1.060408229478483122e+02
1.056959738298959479e+02
1.053544673674392556e+02
1.050162499059717476e+02
1.046812689890234367e+02
1.043494733239851371e+02
1.040208127491168995e+02
1.036952382016921348e+02
1.033727016872319098e+02
1.030531562497851894e+02
1.027365559432135882e+02
1.024228558034405125e+02
1.021120118216267798e+02
1.018039809182364337e+02
1.014987209179577974e+02
1.011961905254468803e+02
1.008963493018614770e+02
1.005991576421553475e+02
1.003045767531040582e+02
1.000125686320343021e+02
9.972309604623048074e+01
9.943612251299329330e+01
9.915161228032575025e+01
9.886953030822384392e+01
9.858984225054921069e+01
9.831251443746282348e+01
9.803751385839912302e+01
9.776480814556113330e+01
9.749436555791788805e+01
9.722615496568596427e+01
9.696014583527814068e+01
9.669630821470259718e+01
9.643461271939676749e+01
9.617503051848066775e+01
9.591753332141495036e+01
9.566209336505004046e+01
9.540868340105245693e+01
9.515727668369565606e+01
9.490784695800292070e+01
9.466036844823037200e+01
9.441481584667850768e+01
9.417116430282153772e+01
9.392938941274348963e+01
9.368946720887136337e+01
9.345137414999510383e+01
9.321508711156529614e+01
9.298058337625919023e+01
9.274784062480667046e+01
9.251683692706744466e+01
9.228755073335150882e+01
9.205996086597508565e+01
9.183404651104450522e+01
9.160978721046072337e+01
9.138716285413765661e+01
9.116615367242755497e+01
9.094674022874670527e+01
9.072890341239569523e+01
9.051262443156775817e+01
9.029788480653967042e+01
9.008466636303944597e+01
8.987295122578557027e+01
8.966272181219237325e+01
8.945396082623673806e+01
8.924665125248107245e+01
8.904077635024795256e+01
8.883631964794196278e+01
8.863326493751426938e+01
8.843159626906570736e+01
8.823129794558435890e+01
8.803235451781370102e+01
8.783475077924740049e+01
8.763847176124711780e+01
8.744350272827993820e+01
8.724982917327162113e+01
8.705743681307272652e+01
8.686631158403416464e+01
8.667643963768915683e+01
8.648780733653852337e+01
8.630040124993645634e+01
8.611420815007392093e+01
8.592921500805701385e+01
8.574540899007756423e+01
8.556277745367340515e+01
8.538130794407599922e+01
8.520098819064283191e+01
8.502180610337235578e+01
8.484374976949925440e+01
8.466680745016775234e+01
8.449096757718098161e+01
8.431621874982424458e+01
8.414254973176032593e+01
8.396994944799480720e+01
8.379840698190955095e+01
8.362791157236266315e+01
8.345845261085307243e+01
8.329001963874792125e+01
8.312260234457151853e+01
8.295619056135372205e+01
8.279077426403667062e+01
8.262634356693813231e+01
8.246288872126996239e+01
8.230040011271047717e+01
8.213886825902916655e+01
8.197828380776243762e+01
8.181863753393933791e+01
8.165992033785555293e+01
8.150212324289491050e+01
8.134523739339695680e+01
8.118925405256950967e+01
8.103416460044500980e+01
8.087996053187978873e+01
8.072663345459496043e+01
8.057417508725798427e+01
8.042257725760404696e+01
8.027183190059609785e+01
8.012193105662265680e+01
7.997286686973257019e+01
7.982463158590576313e+01
7.967721755135903550e+01
7.953061721088623415e+01
7.938482310623184901e+01
7.923982787449727994e+01
7.909562424657907798e+01
7.895220504563825159e+01
7.880956318560002671e+01
7.866769166968330751e+01
7.852658358895916990e+01
7.838623212093771997e+01
7.824663052818253561e+01
7.810777215695226516e+01
7.796965043586861555e+01
7.783225887461010473e+01
7.769559106263113790e+01
7.755964066790564004e+01
7.742440143569491795e+01
7.728986718733889916e+01
7.715603181907053454e+01
7.702288930085268248e+01
7.689043367523690620e+01
7.675865905624392838e+01
7.662755962826497580e+01
7.649712964498377232e+01
7.636736342831869706e+01
7.623825536738446829e+01
7.610979991747321094e+01
7.598199159905425404e+01
7.585482499679243062e+01
7.572829475858429760e+01
7.560239559461201964e+01
7.547712227641454774e+01
7.535246963597556658e+01
7.522843256482805430e+01
7.510500601317492908e+01
7.498218498902561180e+01
7.485996455734792221e+01
7.473833983923529445e+01
7.461730601108868655e+01
7.449685830381314133e+01
7.437699200202841610e+01
7.425770244329375203e+01
7.413898501734604451e+01
7.402083516535151375e+01
7.390324837917043510e+01
7.378622020063464504e+01
7.366974622083756685e+01
7.355382207943664241e+01
7.343844346396763001e+01
7.332360610917085353e+01
7.320930579632891977e+01
7.309553835261574761e+01
7.298229965045679535e+01
7.286958560689994613e+01
7.275739218299736422e+01
7.264571538319742672e+01
7.253455125474718557e+01
7.242389588710472026e+01
7.231374541136126766e+01
7.220409599967319991e+01
7.209494386470321103e+01
7.198628525907086839e+01
7.187811647481235866e+01
7.177043384284884553e+01
7.166323373246392237e+01
7.155651255078934980e+01
7.145026674229929142e+01
7.134449278831283436e+01
7.123918720650443959e+01
7.113434655042254917e+01
